RUN=1, Graph Writing=76.345494s
RUN=2, Graph Loading=57.342222s
RUN=2, Graph Writing=70.208329s
